Webots Project File version R2023a
perspectives: 000000ff00000000fd00000003000000000000016c0000033dfc0200000001fb00000012005300630065006e0065005400720065006500000000190000033d000000000000000000000001000001f9000002f4fc0200000001fb0000001400540065007800740045006400690074006f00720100000016000002f40000003f00ffffff0000000300000738000000d6fc0100000002fb0000001a0043006f006e0073006f006c00650041006c006c0041006c006c0100000000000007380000006900fffffffb0000000e0043006f006e0073006f006c006501000000000000073f00000000000000000000053d000002f400000004000000040000000100000008fc00000000
simulationViewPerspectives: 000000ff0000000100000002000000fa000000010100000002010000000101
sceneTreePerspectives: 000000ff00000001000000030000001c00000227000000fa0100000002010000000201
minimizedPerspectives: 000000ff00000000fd00000003000000000000016c0000033dfc0200000001fb00000012005300630065006e0065005400720065006501000000190000033d0000018500ffffff000000010000033f000001ebfc0200000001fb0000001400540065007800740045006400690074006f00720100000019000001eb000000ab00ffffff00000003000003ed0000014cfc0100000001fb0000000e0043006f006e0073006f006c00650100000172000003ed0000004e00ffffff000000a8000001eb00000004000000040000000100000008fc00000000
maximizedDockId: -1
centralWidgetVisible: 1
projectionMode: PERSPECTIVE
orthographicViewHeight: 3.33015
textFiles: -1
consoles: Console:All:All
renderingDevicePerspectives: robot:camera;1;0.820513;0;0
